496.59
175.29
462.70
145.58
478.22
158.91
495.00
216.47
194.44
305.44
194.06
169.95
232.75
398.95
237.01
505.21
384.79
300.20
395.55
398.42
308.05
169.36
209.94
215.62
387.14
194.67
186.71
230.50
196.66
402.10
288.95
300.13
311.11
194.73
217.12
222.33
306.46
158.73
358.99
301.30
143.49
186.84
224.77
294.14
179.20
173.65
474.07
200.44
295.85
295.88
399.00
342.40
173.02
397.08
348.29
309.47
484.98
296.99
169.82
404.43
157.85
195.72
264.46
189.71
386.61
311.36
286.09
401.64
488.94
486.97
298.80
283.35
162.18
490.84
227.03
362.33
167.37
300.72
305.59
208.46
225.60
226.66
209.25
171.73
272.26
388.95
200.74
224.59
186.97
311.95
193.26
320.80
364.19
192.39
294.98
291.54
236.99
186.42
291.07
297.35
783.49
1491.94
828.92
1711.32
1259.05
592.51
1400.31
1474.86
741.72
1443.86
739.82
1557.11
1465.81
1616.07
1573.13
1406.19
832.95
742.67
1262.14
735.26
1643.27
1623.80
755.91
1154.43
742.47
1638.67
770.74
739.02
574.54
844.80
1468.94
917.00
1032.81
893.63
1413.27
793.53
1123.86
1397.96
1480.71
821.19
581.85
914.33
1164.64
851.72
993.21
1415.96
1614.06
1359.22
891.28
1476.64
914.32
1543.77
1080.80
1489.70
1304.12
671.65
1215.54
1267.60
860.63
748.36
1299.32
559.45
1122.14
867.21
1497.85
1371.77
764.86
743.05
1634.98
465.26
710.35
920.83
805.30
1223.64
1269.06
1381.14
1531.02
752.36
712.17
716.16
1491.07
1315.89
837.43
1703.55
972.78
1110.00
774.47
891.28
826.94
1252.36
1571.18
1241.29
936.83
588.63
501.06
1179.56
956.98
723.60
732.49
879.75
1866.70
1573.09
1555.42
1019.20
1509.26
2024.00
1124.47
966.36
1179.32
1692.51
1616.82
1369.63
1473.75
1115.86
1746.15
1704.34
1530.99
1159.12
1899.58
1455.15
1060.26
1356.94
1913.68
1716.05
1627.68
1441.06
1340.82
1714.61
1016.97
1655.72
642.62
1596.35
1170.96
1640.77
1085.14
1750.17
1124.12
1650.43
1646.27
1608.08
1211.00
1504.87
785.15
1635.56
1734.22
1801.34
1988.93
1792.97
1528.14
1789.78
1268.13
1214.17
1857.50
1573.91
1848.08
1169.72
1494.92
844.93
1666.06
1254.02
1524.92
1671.06
1872.90
1243.49
1601.35
1779.82
1721.28
1231.18
1444.60
1917.01
1641.85
1795.30
1603.46
1218.65
982.71
941.42
1908.71
1405.65
1575.18
913.80
2010.34
1183.57
1506.22
1988.06
1593.45
1840.73
1821.88
1092.94
1628.51
1174.32
2041.16
1912.27
2101.05
1943.65
1089.54
1502.97
914.79
1850.23
1636.48
1671.49
1482.32
1035.66
1328.22
823.01
1425.62
847.38
1012.25
1479.92
1421.06
1536.18
876.31
1239.26
1169.42
1165.67
1248.87
893.85
994.06
625.09
1088.72
1039.47
1530.98
894.30
760.03
1456.76
1533.51
1125.30
1161.25
1612.26
1138.76
835.28
643.57
672.21
670.23
1852.83
1295.34
759.32
665.60
651.75
955.83
978.94
724.05
903.74
1249.38
1394.65
917.52
1028.30
1219.93
656.92
863.08
1151.74
1724.73
1002.02
675.56
1130.20
597.31
692.44
1328.15
1396.73
591.93
682.40
711.56
1179.02
1823.96
1276.06
653.75
1553.31
1444.47
804.24
746.43
1151.09
955.74
1103.42
1394.61
1278.45
1342.70
1078.70
1431.94
668.17
769.02
1209.47
803.92
1006.90
1342.69
560.72
1187.19
718.85
1860.58
543.00
804.20
1397.67
673.58
964.98
671.34
1408.82
1811.03
1040.49
1328.66
814.66
1111.19
1735.35
815.91
763.51
891.00
1069.95
756.36
549.10
926.55
809.53
557.90
1160.28
670.50
1067.72
719.85
1013.39
747.36
585.35
1254.64
622.18
1429.58
506.16
1055.26
564.40
790.10
878.06
735.65
812.65
1255.31
793.00
523.21
1379.43
526.04
742.83
990.29
899.23
606.08
1531.68
898.15
869.63
760.53
958.35
1057.75
869.37
476.36
613.66
564.86
1157.91
636.19
779.85
1195.68
643.74
292.52
274.81
306.50
649.86
1184.83
522.46
882.54
783.13
408.98
874.01
842.81
805.27
789.33
692.61
1100.59
487.18
848.82
1089.65
1208.12
320.24
778.32
769.36
1108.75
1062.26
712.85
788.77
979.77
1125.88
869.38
370.85
545.99
701.45
295.79
308.03
698.11
676.90
1144.43
831.03
775.73
1118.89
477.83
574.68
345.83
780.58
296.42
307.53
983.15
748.74
799.88
764.20
932.28
831.21
660.31
266.55
977.74
272.83
793.28
557.88
797.84
646.95
817.92
775.33
566.48
416.13
285.15
773.28
778.51
1155.46
792.29
408.98
981.56
778.54
1162.62
407.86
594.31
509.80
652.65
826.33
834.91
343.93
597.90
912.61
793.62
639.12
266.92
848.54
1012.93
296.45
1117.69
580.73
931.68
982.51
693.48
285.59
503.18
360.43
1137.03
1150.73
370.85
791.62
1483.46
1201.11
1222.14
1393.66
1221.45
533.94
673.53
666.73
1118.61
1404.84
788.20
1370.01
899.28
620.40
1445.94
683.21
718.53
572.14
855.28
1360.20
622.66
598.36
784.62
1496.10
1279.67
732.02
1438.97
759.57
1268.31
596.15
646.79
1112.98
591.90
567.20
795.54
1510.32
1313.95
955.81
1102.10
1249.89
1497.27
879.89
1108.45
1522.05
782.54
1393.33
1218.86
1213.33
791.15
1273.14
1478.53
696.72
1585.96
1359.43
548.38
1331.80
726.53
608.43
727.85
1501.02
780.79
1040.70
1167.54
1475.03
1428.30
743.14
1109.32
1332.35
1389.70
733.94
1509.31
476.25
1354.34
479.52
833.89
1291.51
1278.22
673.34
1428.81
1046.10
782.47
643.79
775.25
1474.61
846.57
611.36
1520.67
1387.09
803.52
1526.23
574.44
912.53
633.89
916.98
955.18
1153.90
621.82
1266.51
1351.07
755.59
1825.92
1957.91
2048.42
1878.01
1763.06
1946.54
1963.64
1948.62
2036.58
1972.51
1941.09
1827.33
1734.58
1942.97
1859.12
1959.65
1813.36
1963.57
1837.66
1840.26
1808.04
1743.85
1895.65
1886.09
1977.48
1915.83
1798.32
2067.74
1793.59
1971.09
1793.11
1795.06
1958.09
1922.06
2035.68
1764.27
1835.74
1806.98
1933.17
1768.61
1683.80
2013.33
1943.03
1777.53
1760.20
1835.28
1852.40
1764.27
2183.03
2059.38
1832.33
1901.47
1872.08
1899.38
1942.44
1861.35
1980.34
2106.94
1855.52
1955.95
1831.47
1857.36
1701.48
1840.26
1982.62
1841.55
1979.97
1820.23
1980.22
1827.31
2159.63
1796.73
1862.53
1938.96
1880.39
2061.35
1865.04
1928.22
1941.56
1823.02
1931.38
1826.55
1875.17
1886.45
1974.91
1863.77
1833.99
1776.65
1870.25
2042.59
1831.91
1942.28
2110.15
1798.69
2014.23
1782.84
1833.20
2094.08
1821.36
1823.52
1301.44
1178.43
963.19
1881.91
1495.13
794.96
1304.32
1354.96
663.98
1210.38
2131.31
1541.20
1889.17
1798.73
1527.40
1996.26
1737.02
1822.00
1829.20
1361.86
1334.66
2219.98
1784.33
1803.43
1454.74
1392.66
1634.55
839.69
2007.91
1425.61
1691.80
1566.34
1851.29
1071.91
1450.00
2027.24
618.27
1849.51
1674.83
392.20
1863.04
2007.64
1221.36
634.15
1294.10
1718.97
1893.55
732.33
1613.61
1431.50
1531.01
1508.32
1209.69
2063.74
1553.69
1016.18
1535.31
1916.78
1234.63
1881.42
1365.79
1099.05
783.02
194.80
1359.86
1289.29
1127.04
1952.29
1316.71
831.08
1546.31
1400.98
1435.36
526.51
1510.02
1590.81
1503.97
1670.60
585.06
1621.19
1194.83
979.59
1466.78
1877.09
617.62
1703.71
1455.19
1721.15
1000.62
1802.05
2144.26
798.91
1331.15
1347.17
1497.37
1654.25
1809.02
1328.32
1075.14
1248.94
1426.94
1801.19
1551.69
1771.78
1877.46
1818.07
1826.14
1833.16
1272.79
1657.64
1408.35
1207.24
1184.39
1471.31
1461.47
1277.86
1473.08
1426.87
1367.90
1625.77
978.13
1721.70
1803.12
1117.56
1297.24
2201.29
1185.96
1689.63
1513.32
1882.24
521.21
1414.24
1381.75
1112.15
611.25
1455.77
1057.64
1218.09
1755.59
1277.41
817.69
1418.38
806.90
1862.49
965.17
1910.58
1926.22
1108.58
837.97
1758.12
1636.96
1594.96
1887.01
2201.29
1524.24
709.44
1638.24
570.11
1290.54
1860.98
1928.98
785.63
630.83
1322.38
1604.67
1161.01
769.71
1679.75
1449.94
2042.50
1774.54
1849.83
946.41
1759.73
1195.13
1403.93
1683.23
1939.86
1665.84
1644.77
963.68
1818.56
1853.36
1558.05
1578.70
1503.33
591.11
1057.29
787.37
1434.60
1931.23
1918.27
1275.13
1473.82
1136.74
1514.38
1684.03
1729.22
1374.26
1651.03
1490.38
1399.08
1900.20
1576.34
1012.13
1674.43
1355.74
1569.49
1626.70
1953.14
1508.52
1672.16
1732.71
1492.90
1631.75
2206.55
1795.37
2002.76
1557.48
1014.82
1150.42
2166.74
1935.36
1839.99
1383.39
1612.65
964.56
474.22
1469.42
1561.50
1086.37
1029.68
1273.48
1832.34
1942.46
1637.08
1637.15
2019.07
2046.29
1739.83
1504.20
1631.28
1822.27
1542.74
2002.22
1521.17
1348.71
1820.83
1772.37
1895.79
688.91
675.69
1903.14
1528.14
1718.71
2113.67
1634.34
1904.30
1615.99
1968.44
1248.56
1764.85
777.47
1515.23
1678.71
1699.32
1212.76
1525.82
981.88
1930.25
1659.54
804.63
1579.62
1771.23
773.55
1250.14
1626.23
1868.70
1820.87
1389.21
980.31
996.39
993.45
1484.09
1409.22
779.38
1783.57
1135.81
1125.41
1801.73
1539.09
1030.60
1832.97
1243.15
1109.99
1579.81
594.03
1304.22
1211.48
1689.64
739.14
1342.98
924.16
1898.67
1453.65
1518.71
1722.75
1697.92
833.59
1902.73
1720.66
1104.29
1197.69
1631.75
1556.91
1195.17
1703.90
1843.63
1651.36
1592.77
1455.77
1768.62
702.41
1436.57
1228.52
1608.29
1187.62
1604.71
1838.76
1009.01
1491.43
1231.98
1676.64
1646.23
1374.88
587.55
1174.75
1909.13
1627.20
863.59
1779.21
1367.29
1186.62
1840.39
1515.23
1434.45
516.26
1104.26
1864.84
1604.72
921.28
1037.92
1866.69
1175.78
1395.93
1736.87
1651.63
1450.73
818.89
1735.35
1623.37
1806.52
1697.62
1426.77
1514.21
1632.86
1866.10
777.47
1652.35
1755.68
1518.49
1362.45
1776.17
739.84
1623.99
1464.94
1891.03
1896.80
1591.73
1620.21
1432.34
1876.16
1710.47
1010.78
1031.97
1107.30
1291.12
1520.45
1785.57
2007.09
1541.98
1246.42
1257.09
1184.97
1480.26
1219.87
1961.82
1700.05
1733.33
1252.56
1673.45
1585.05
282.35
2167.99
1395.99
1676.33
1618.08
1865.39
1914.07
944.26
596.91
1200.00
742.69
1851.19
1786.39
1898.92
525.85
1184.17
1662.08
1585.83
1579.41
1515.54
1140.20
1809.87
1101.37
1649.84
1691.26
1488.03
1978.04
1692.27
687.85
1617.04
629.85
1575.50
1827.08
1822.41
831.89
1476.77
1276.18
946.82
1615.16
920.39
1688.60
1625.86
1698.20
1943.29
1814.64
1463.99
1186.00
1134.87
1690.98
1257.49
1560.22
1419.09
696.85
1175.42
1428.74
1046.53
1778.19
1331.15
2060.87
436.34
1868.81
1443.27
1879.10
1630.86
338.44
809.34
1763.56
645.01
1030.90
1523.67
1437.68
1716.51
1352.79
1793.63
1345.42
1761.62
853.86
1532.03
1515.22
1155.73
1488.89
1553.97
1632.23
504.22
1168.27
713.56
1445.74
1570.77
1120.64
1212.18
933.47
1084.35
1154.33
1533.26
1908.09
1953.43
1930.65
1333.32
1953.72
1798.75
978.93
1273.09
739.30
1001.45
1520.19
1148.90
1799.31
1844.70
1567.49
814.12
1623.86
1210.67
1672.47
1749.12
1979.63
1211.11
1730.36
830.53
1599.67
1176.20
1140.79
1703.98
1401.83
1633.38
1811.52
878.51
1204.67
1550.95
608.43
1557.52
1363.69
877.76
1837.74
1514.06
2087.14
1193.50
534.81
1146.33
1517.23
1804.68
1755.40
1644.75
1344.74
1427.14
1602.50
1607.68
1402.10
1457.45
1993.88
1395.99
1559.12
1381.70
1649.48
1827.04
1841.22
1863.38
1203.17
1068.30
1148.83
1475.21
1578.58
967.78
1857.60
1576.31
820.01
1528.11
1965.36
1533.47
1167.61
826.74
1493.50
1223.69
823.55
1371.12
861.71
1387.77
1195.21
1225.13
1584.73
961.90
1302.86
1203.73
1068.03
1550.44
1641.20
785.55
1740.81
1108.38
494.40
1411.55
887.75
1447.99
1120.49
1697.88
1130.24
1406.81
1203.01
1730.84
1157.39
1602.59
1206.38
1588.77
1930.45
2146.33
1670.70
1286.27
654.60
1829.59
1546.72
1500.45
1420.23
1647.68
1907.86
1571.39
1544.05
1481.62
1092.77
2044.06
1792.51
1906.46
1177.55
1411.30
1737.72
1650.47
1465.83
668.73
1825.76
1421.63
1827.77
1354.97
824.83
1743.47
1812.53
1359.90
1960.21
1489.70
1565.87
763.48
1497.63
2099.99
1432.13
1761.08
1891.25
1634.69
1533.71
1874.56
1541.63
1533.39
1471.43
1532.26
1541.35
2240.49
904.18
745.15
1804.01
1522.09
1235.16
396.91
1374.91
784.66
888.58
1858.41
923.03
1577.57
1747.77
1803.21
1384.26
1910.52
1358.46
1124.83
1304.85
1888.52
1555.94
1663.05
1597.07
1440.07
995.42
1524.33
1567.11
1265.12
1463.17
1680.28
1588.78
1118.20
1695.98
1313.98
1637.26
1847.61
1079.17
1983.15
1492.33
1795.58
1071.08
2013.48
1551.16
1983.95
1182.36
1086.90
1986.88
1806.60
1495.32
1024.10
1353.99
1830.54
1588.61
1607.65
1467.88
476.29
1596.84
988.84
1138.91
1204.74
2214.43
1290.10
1383.15
1674.91
1027.94
675.47
1363.10
1517.99
1403.97
1525.65
957.32
1020.36
1279.38
1434.48
1493.57
1364.93
1778.18
1556.09
1228.95
846.63
1540.86
1762.76
1631.59
1433.72
1492.92
755.44
1531.79
1025.23
774.97
1267.87
1598.39
1581.14
1789.49
1307.59
1722.78
882.89
1631.70
1874.56
1064.21
1976.59
1223.24
1843.40
709.19
596.17
1570.87
1115.86
1786.25
1254.30
1834.21
1416.91
1402.69
1611.78
1170.25
901.51
1791.35
1688.43
567.61
1150.71
844.78
1113.29
863.17
1481.83
1457.55
1564.72
1899.69
560.92
739.03
617.19
1400.77
1138.36
1517.38
921.29
2188.74
1571.54
278.61
1525.52
1187.84
650.75
1180.18
1486.26
901.29
1807.51
1784.60
1644.31
864.66
455.60
1474.30
1092.79
1500.65
1494.93
1180.47
1649.11
389.82
635.53
1663.78
1714.26
802.60
996.01
1173.07
1429.52
1442.30
1357.54
1791.58
460.39
1357.81
850.60
1505.79
1669.38
1785.86
1666.30
1516.22
1855.33
1438.46
1970.59
1255.95
1630.45
771.17
1496.62
1252.68
758.53
1577.64
1636.99
1591.49
1666.21
1444.27
1650.15
1391.48
1187.83
1409.95
1208.80
906.30
1718.11
1627.33
1547.63
1403.07
2067.50
1805.71
1781.02
503.62
1167.97
1263.84
1997.62
1583.66
1124.48
1471.79
928.23
1916.07
1662.50
2187.57
1593.73
1421.32
899.71
1989.94
1704.80
526.30
1279.53
897.06
1392.28
1602.82
1496.05
1510.06
1649.94
1472.51
1699.22
1307.30
1157.79
1428.32
1493.69
804.56
1522.10
1575.91
1037.81
648.57
743.99
1375.64
1092.25
1637.91
1060.88
1823.05
1727.84
567.77
1532.74
1481.99
1381.01
1298.28
1305.60
1780.28
1521.29
1877.47
2174.85
1862.84
1600.45
1392.44
1127.11
1500.57
1526.15
1734.99
1713.43
596.31
1824.52
1893.76
1834.54
1700.72
1325.10
1369.33
1193.20
1248.55
1757.18
765.80
308.08
897.45
558.66
1310.47
1053.08
902.56
740.23
915.11
1624.17
1403.84
614.64
1248.19
1768.89
893.57
1796.76
1874.21
1530.54
1695.28
343.59
1399.69
1428.24
934.06
1248.82
1349.11
1178.28
2010.95
1398.04
1560.03
749.77
2109.42
1173.39
1935.75
1197.01
1404.43
1281.57
1579.63
685.92
1434.01
441.74
1378.43
1700.10
1851.66
496.36
1789.59
670.61
1085.86
998.41
1178.83
1701.05
1403.64
1516.47
1637.81
879.83
599.15
1181.09
1958.30
1847.83
1141.51
2042.97
1870.21
1656.89
973.19
1548.93
1495.06
751.82
1661.07
1198.08
1702.25
1340.10
1459.35
1677.83
1550.73
1412.47
1702.98
1755.28
1629.82
1509.22
1194.25
1560.25
1790.11
1159.86
1694.12
1176.60
902.60
1659.08
1608.05
1978.90
940.79
1163.31
1292.38
1121.49
1819.52
1233.30
1990.30
525.41
1410.75
1442.92
1382.28
1496.47
1803.98
1966.70
1558.62
1105.77
1297.57
1724.39
2041.40
478.96
1928.85
807.73
988.73
1785.35
1025.38
1497.35
496.20
1965.03
1575.59
1960.99
1942.23
1303.92
1625.97
1536.17
1950.28
1672.16
1506.92
906.19
844.07
1552.90
813.06
1721.48
1457.76
1367.39
2083.95
1622.12
1614.73
1576.59
1144.87
1771.74
1767.97
1904.00
589.39
1042.75
1065.35
1512.82
1797.80
1681.49
1529.84
1871.75
1624.05
1497.67
1653.99
1789.65
1577.57
1913.55
916.30
1372.79
939.80
1692.44
1701.19
1758.91
673.95
1353.36
804.39
1034.21
1206.98
1169.62
503.59
1459.18
1438.10
1585.13
1205.85
709.04
1163.67
1671.66
605.56
677.99
1591.33
1736.36
1280.89
1728.15
1655.40
1718.23
1620.05
1637.25
1611.67
1298.97
1772.62
1573.70
1312.58
713.70
1156.28
1124.40
1465.39
583.49
1564.31
1863.19
1674.19
1352.54
1496.74
924.57
1757.08
2207.73
1525.05
1206.96
1771.64
1212.90
1244.56
1556.64
1633.43
968.54
1139.22
1949.68
1831.82
1867.63
1316.39
1629.44
1810.83
1581.20
1964.38
1823.00
1554.59
1769.78
1427.43
1837.72
1327.31
1632.82
1375.72
1480.23
1525.85
1356.49
950.25
676.93
1677.17
1571.30
1165.47
1123.97
1119.83
1496.21
1278.36
558.83
758.06
1548.39
1654.58
1513.28
1492.93
1975.80
1970.42
1983.38
1215.26
1603.80
1040.66
1230.62
1003.75
1786.50
625.09
1646.91
1095.47
1716.05
1837.55
1327.35
1589.07
966.86
1525.39
1760.95
506.95
1399.46
1254.41
1492.06
1369.94
1559.48
753.64
1418.45
1518.89
203.94
815.41
1955.39
1525.58
812.88
1145.39
1824.48
655.73
741.51
1899.55
1722.38
1630.04
1828.07
1917.13
1283.51
1528.49
1249.89
1814.41
1643.28
1603.95
1575.74
1964.80
581.76
1770.53
1294.13
1515.63
1535.94
789.97
1256.19
1608.37
1530.45
806.37
1434.80
1895.59
1433.35
889.81
1461.10
1320.79
1660.11
1856.54
1867.10
647.46
230.93
879.74
1540.34
1769.78
1828.49
1575.68
1544.09
1795.32
1707.44
1706.66
639.90
1706.04
1822.99
1560.08
1741.63
1956.65
1406.55
1912.47
1423.30
1254.19
1478.14
856.02
1687.31
1568.25
1774.17
1243.61
1460.95
289.81
1926.68
1474.53
1390.13
550.99
895.11
1819.61
1573.62
1733.02
1035.04
1799.76
1445.37
831.30
1795.89
1248.65
903.78
602.18
1167.97
1927.09
1832.12
1417.82
631.37
1227.09
1180.59
875.39
1717.31
1227.48
1349.00
1359.20
1506.25
1443.75
1814.84
828.12
1386.86
1860.62
1687.28
390.06
1919.03
1466.23
2155.71
1789.52
809.80
1150.79
567.85
1678.95
1709.58
714.76
1164.40
1698.75
651.72
1080.23
898.14
1609.63
1534.37
2111.74
941.20
1257.32
1209.43
1632.72
1921.31
667.16
1945.51
1291.90
1494.70
665.79
1644.98
1568.60
1929.09
1793.63
765.30
1638.23
1178.57
1876.33
1493.52
1547.79
1681.84
702.28
1228.37
1075.62
959.87
1462.75
1389.67
1817.34
1454.15
1357.89
1536.14
1269.00
1387.48
1429.37
1901.93
1017.69
1845.31
1594.63
1625.50
1505.05
1140.43
1487.20
1978.50
1681.74
851.80
1555.45
1527.71
2024.52
1632.58
1652.57
1846.99
1401.16
1552.99
1625.76
1782.70
1101.51
1589.64
833.08
1716.91
1777.19
516.02
1649.80
1891.78
1854.72
1480.73
1431.31
767.91
1174.44
1852.86
1161.29
1780.04
1208.80
743.83
1490.69
1545.27
1410.30
1858.85
1194.68
425.18
880.08
1769.27
2036.46
1725.27
1679.45
1943.36
1318.36
1577.23
1708.06
1639.77
1325.76
1506.50
1479.11
1596.45
1092.25
1586.51
1444.55
1105.08
885.29
670.70
1829.93
1252.73
1420.52
833.61
1139.32
1505.77
1635.56
1130.79
1353.26
1786.00
791.45
1844.73
953.34
779.91
1732.97
1007.53
1689.23
1888.79
1086.56
1825.05
1886.88
1903.40
713.20
372.74
900.55
1579.12
1796.36
594.05
1817.59
1787.75
1304.66
1632.29
795.27
682.45
1675.20
804.96
181.89
1350.43
1852.08
1691.21
1625.74
1940.97
1636.26
1988.66
1693.23
1381.43
1295.98
1678.47
753.06
1469.48
1514.45
1779.09
1207.19
1614.75
1207.01
1641.13
1564.40
1308.49
1415.46
1014.64
1747.08
1025.74
1790.40
2097.67
785.00
1864.23
183.29
1979.30
1339.98
1707.37
1768.82
1052.72
1822.33
1978.21
1625.74
1632.30
553.30
1525.97
1742.00
1410.43
1430.50
1757.36
1036.25
1847.42
1645.82
1217.68
231.14
1898.27
468.74
283.49
1229.64
904.06
1734.70
1783.25
1504.86
1775.24
1661.96
1480.73
1487.15
1083.97
787.67
1715.30
1198.93
1581.25
1329.33
1347.97
1744.37
1628.49
1503.22
653.93
1479.22
1500.29
1847.26
880.08
671.60
1156.90
1175.23
1330.59
1038.42
1639.08
1428.48
1847.89
804.88
1581.03
802.35
1953.63
1975.79
1495.88
1195.21
1488.15
848.01
1870.51
1302.25
940.70
1631.72
1058.69
825.37
596.80
987.25
535.65
1897.54
1893.19
1606.93
1265.30
1175.72
521.91
1555.67
1737.30
1100.99
444.73
1611.01
1635.00
571.85
1372.17
742.57
944.84
1211.60
2101.93
909.20
328.62
1321.13
1858.30
1539.76
1859.50
1898.63
1082.31
1652.49
1916.61
1295.59
862.49
1041.17
1701.81
1340.24
1554.62
1000.87
1508.10
2094.45
1598.56
1140.26
1941.38
1864.14
1394.56
1704.50
1501.22
977.11
1871.28
1362.32
1240.98
1527.09
1775.11
1522.02
527.25
1446.77
803.35
1054.69
225.66
1635.18
1921.07
1768.44
1201.55
1373.01
1716.25
1899.41
1648.46
1285.29
1477.95
621.67
1847.07
1816.88
1046.02
1792.20
1221.95
1734.08
1878.32
1614.69
649.25
966.71
1531.01
1829.75
1482.08
1203.05
1535.82
1423.48
1139.47
1794.30
1552.59
1833.87
1552.07
990.86
1843.13
1495.15
1661.83
967.52
1558.71
1132.55
946.34
1527.04
1622.03
1541.01
1519.21
1832.50
1151.77
749.64
921.11
1755.76
1649.46
1678.17
1376.24
1272.73
1291.24
621.11
2100.06
1054.42
1821.93
894.13
1621.02
582.99
1420.25
1268.76
1021.31
357.06
1701.05
1695.55
661.17
1213.45
2080.74
1918.22
1165.09
1768.18
1511.97
1548.57
1670.45
1542.50
2193.96
1023.30
719.49
1951.54
1640.26
1511.25
1836.30
2209.79
1510.06
1623.12
1611.31
1372.97
1186.26
1224.37
1247.03
1568.91
1497.48
1989.10
1516.61
1580.61
1564.84
1664.96
1380.72
1826.17
1087.98
1369.74
1411.28
1599.47
2004.06
601.21
1138.66
1367.18
1965.47
1760.96
1142.23
1914.79
1620.69
1659.05
1712.00
909.87
856.14
1783.62
302.97
1876.26
1934.88
1858.30
1731.75
1532.75
1569.31
1500.02
1810.54
290.06
1650.74
1163.46
1290.16
1906.00
1334.86
1231.94
1499.38
1626.80
1642.87
1540.21
1550.43
1301.39
1827.31
879.27
1322.96
1141.79
1186.91
751.60
643.18
967.86
1582.34
584.49
1475.59
820.61
1552.92
1840.14
1897.92
1533.84
1861.89
1494.21
1355.01
1684.00
1913.03
1231.55
567.48
1090.89
1815.52
1630.03
1823.37
1875.78
698.65
512.80
1785.89
1098.96
1785.68
947.20
1853.27
1189.12
1622.26
1179.21
1202.93
1293.22
1422.32
1827.55
1286.40
1876.88
1516.16
1475.38
1603.84
1672.56
1895.31
1726.50
1558.75
1316.64
2140.68
1071.95
738.96
1568.93
1264.31
1562.05
818.34
1265.24
1142.51
1665.94
1607.43
2007.67
1241.85
1410.17
1574.56
574.20
1692.43
1506.59
1857.86
1827.33
539.91
597.20
1663.90
1821.92
1137.62
1819.08
818.61
1148.42
1388.10
698.46
2222.25
1434.84
1083.73
1784.02
1901.04
1485.83
1031.19
756.51
1497.23
1557.20
1786.48
1511.60
1654.76
1629.36
1208.04
1872.91
1637.49
1461.25
1932.86
312.13
1743.86
1350.17
1700.18
629.45
719.38
1919.45
1683.30
1213.70
945.08
1561.25
1879.48
1701.95
1355.99
1642.94
1610.97
1242.97
1723.83
1584.45
1505.07
1141.64
1310.92
907.20
1793.84
1945.75
1567.99
1948.99
2202.90
1822.01
1539.00
1656.17
716.50
988.94
1518.70
839.88
1531.39
1386.32
1812.91
1108.34
1660.60
1586.04
1576.84
1743.98
1558.53
1804.54
449.37
994.97
684.16
1413.37
737.67
1907.66
1623.18
2154.20
1574.26
1329.59
1106.28
489.43
931.51
1647.64
1500.15
1672.64
988.89
833.15
1309.13
1337.37
1581.49
931.33
810.56
1615.97
1582.34
1913.96
832.92
1304.32
519.92
740.11
1661.87
1434.94
1774.77
1521.94
1616.69
1473.12
1790.77
1860.62
1159.92
1918.64
1498.95
1600.09
973.62
1472.92
1754.53
334.04
1860.16
1876.59
1150.68
1489.67
996.24
1765.72
1183.16
1480.73
1501.93
1451.10
730.50
1653.98
1571.91
1627.76
922.22
1061.93
1942.51
742.10
1806.75
1942.74
843.67
1397.03
1884.32
1498.59
810.59
1811.26
1207.09
1251.58
1341.44
1798.21
987.03
1369.48
1974.40
1581.79
1150.31
1666.12
1647.24
1390.83
999.08
1530.34
1160.49
734.23
1227.24
1454.03
366.85
1649.86
462.90
1541.86
1321.06
1761.75
1563.37
1669.82
1466.04
1512.78
377.76
885.92
1568.03
1842.78
1221.56
1602.68
1955.24
1595.98
1484.53
1530.96
1108.33
1554.65
450.12
2212.69
1386.93
929.87
770.71
720.32
1830.79
1423.19
1449.30
1946.24
1808.60
1302.66
1572.14
1505.81
1057.96
1892.09
1639.63
1618.99
1596.85
1536.03
2003.07
1496.09
1720.90
962.34
867.63
1746.90
1830.97
1393.16
1031.11
1881.14
1404.87
1615.30
1643.84
1564.22
1496.79
1090.20
1587.74
1318.70
1897.70
1236.38
1776.76
1698.25
1574.00
2122.01
1271.01
1414.98
1660.19
1538.21
1350.71
910.39
1038.20
1668.03
1477.90
1815.75
1605.57
1291.80
904.57
1249.69
1081.01
1875.38
1537.50
1254.51
1778.49
1310.00
1699.68
2054.03
1944.96
1597.01
1608.30
1607.49
1272.36
541.80
1638.83
2022.03
1805.85
1700.08
2240.75
1597.54
1882.28
1300.79
1037.01
1327.97
1745.44
1604.67
1670.68
1127.67
1662.66
1660.76
910.49
1843.28
1438.46
1955.92
2147.11
1272.56
867.08
1561.20
1776.36
1802.02
1684.56
972.21
1918.43
1835.39
1878.42
1278.70
1542.15
1909.79
351.11
631.84
1433.74
844.24
1394.69
1170.59
1827.78
1102.13
1181.13
1181.63
1154.87
1718.94
1658.74
1408.13
1160.10
1733.49
1617.25
1523.35
910.74
1960.09
1491.97
1488.25
1330.37
1541.63
1689.82
1387.89
1218.64
475.10
808.21
1568.66
853.92
1500.71
1518.05
1599.80
2078.20
1863.20
1801.77
1585.96
1694.07
1463.92
1885.44
1480.46
1620.81
1814.85
1967.16
1477.79
1759.41
1548.85
1531.08
1828.69
1017.00
1014.53
2033.87
2018.02
1465.45
911.10
1650.96
1968.40
1542.44
1649.93
1493.93
1977.03
929.77
1727.30
726.95
1307.91
1592.60
647.58
1335.02
1612.50
1863.13
1773.95
1659.18
1215.31
1122.23
1357.57
1917.24
1854.20
1499.75
1702.23
1426.43
954.84
1685.11
1279.27
1567.40
1218.00
1521.59
1819.92
1934.29
1924.16
1495.41
930.45
1881.53
1146.13
1583.57
1305.16
1711.46
1181.10
1029.79
1263.97
1692.32
1542.47
1608.94
1057.00
1675.64
1636.37
1872.35
1990.71
1693.84
430.13
1335.54
1130.85
1370.81
2278.83
787.02
1626.71
1781.47
1233.36
1260.20
1804.99
1778.63
1557.26
1667.69
641.55
797.64
1153.87
1547.96
1379.75
1642.36
1633.27
1579.98
1395.97
1557.35
876.93
1595.44
1798.10
1934.65
1921.63
1771.16
1529.43
924.41
951.57
1627.32
837.19
1486.17
1561.69
1622.15
935.23
1634.78
1957.10
885.72
1772.02
882.79
972.82
1733.94
1286.20
1774.56
1776.64
1589.99
1007.06
1332.23
969.17
1399.30
1588.06
1109.26
1600.52
1505.67
1071.22
801.73
1451.06
1050.06
1872.25
1170.66
1315.36
1657.22
1425.87
813.86
1288.18
1525.97
833.90
628.91
645.26
462.89
1333.63
1727.80
689.25
1583.60
1570.41
1601.60
1595.01
1702.69
1935.40
854.83
1442.66
2203.73
1578.22
1732.44
1331.48
1342.01
1691.87
1311.91
1239.27
1136.89
1567.06
1677.43
1500.18
1166.64
1711.52
739.17
1115.49
909.40
1610.37
1117.26
1444.21
835.31
997.15
1350.63
1028.79
786.93
468.41
1682.47
951.00
836.28
1857.47
774.89
1914.40
1361.97
1594.83
1851.77
1415.33
853.46
1800.85
1702.67
1788.74
669.81
1006.25
954.63
1578.17
602.30
1494.23
1661.08
1486.09
1900.29
1150.36
1130.88
1704.81
1558.54
1951.11
1947.65
1532.22
1692.66
1762.47
656.93
1571.95
1002.92
1779.94
1001.85
289.04
851.51
1163.70
1736.44
1885.45
947.13
1455.52
1331.82
881.52
1335.19
1670.93
1451.20
1588.23
1818.22
769.93
1574.87
775.00
1793.54
1162.91
1186.47
1052.25
1894.10
1343.89
1314.92
1949.95
1692.79
1195.53
1881.85
1569.68
1498.25
1966.12
1789.48
1168.43
1567.27
1322.72
1653.01
1210.31
1683.28
1187.33
1576.85
1570.96
1866.78
1797.13
2183.47
2179.89
697.08
1537.82
1778.37
1570.79
670.89
730.02
1189.30
2024.70
1331.43
1394.21
1764.24
848.04
1598.23
1609.28
1743.60
541.80
1017.81
1695.30
1760.39
905.94
1185.76
1936.94
1755.76
1703.14
1640.48
1329.84
567.38
1900.47
1494.36
1202.73
2242.74
1440.70
1766.46
1294.42
1644.01
1752.97
1912.54
1806.41
870.89
1597.92
1334.72
1621.68
1797.22
1446.73
1773.42
1448.28
1792.11
809.66
692.38
1100.06
1244.10
1709.34
1159.55
1901.30
1240.65
1475.56
1540.29
1424.77
1452.14
1215.33
1989.28
1832.84
1253.11
839.20
1107.84
1421.64
2144.83
848.94
1725.77
1376.66
2158.45
1421.88
1953.03
707.92
1640.01
1364.60
1144.84
1523.15
1071.73
957.46
1570.15
1264.59
1802.63
1575.72
1420.12
1678.18
1448.17
1483.90
1314.09
2223.31
1559.91
1434.21
1112.86
1175.28
1899.66
1565.00
1543.38
740.09
1472.94
1809.97
1645.46
1677.58
2041.76
838.39
1531.18
1728.50
1581.95
975.05
1799.96
631.14
1532.74
1583.24
1526.10
1204.19
832.20
1141.76
1747.64
1148.12
1562.27
1773.46
1568.86
1769.68
1302.96
1858.97
1535.16
1600.90
1740.43
464.90
1301.70
1117.05
1788.18
1561.80
413.60
1133.61
1388.02
1637.87
1933.76
1409.76
1886.63
1874.04
1052.54
1563.64
1948.87
1558.93
1549.18
1486.51
1169.96
1864.90
1370.61
1337.86
1445.37
1795.04
1342.80
712.09
1360.95
1886.68
920.53
1454.46
1654.44
1358.91
1530.45
870.48
723.58
1708.88
1649.69
1243.91
1149.72
1881.61
1551.92
1877.66
623.47
1541.09
765.89
1253.90
1451.97
891.04
927.20
1347.21
763.79
1877.69
1320.81
1321.74
1877.41
1328.75
1495.42
1576.20
1308.07
1267.07
1325.12
1364.34
1654.87
876.31
731.62
989.18
570.53
2054.98
1716.39
1334.93
1227.16
489.87
1247.42
1400.28
1443.86
1325.64
2203.98
1255.81
1373.85
1517.14
1776.54
1779.16
1662.91
1712.72
1391.79
1717.61
1871.27
1424.89
1495.64
1569.86
773.91
1722.27
1231.65
1149.01
1823.29
1874.71
1889.39
1227.37
1614.43
874.24
874.26
1843.43
1249.97
1673.58
477.92
1425.65
1767.84
843.23
1549.29
1694.83
1970.56
212.96
1346.32
2055.49
1979.54
689.28
1287.52
1584.69
1826.40
1733.13
1926.94
1394.70
1495.13
784.99
1458.95
1131.77
760.33
1471.22
224.40
1844.39
703.31
736.50
1549.88
1312.39
2079.55
1318.49
1897.11
1975.91
770.42
1896.98
1567.98
2037.81
772.61
722.88
1660.08
1647.79
1553.27
604.35
1689.43
2177.13
1202.62
1128.88
732.61
1747.97
1657.16
1636.74
2071.87
1636.43
1535.52
599.74
1150.63
1765.96
1957.34
1829.37
1854.82
735.89
1574.11
1407.48
1988.17
1328.89
1358.07
1626.43
1641.53
728.11
1893.08
1337.91
1540.05
1835.49
1401.41
1306.84
1510.55
1968.53
844.98
908.17
1994.32
1770.70
590.56
1548.63
1496.87
1571.34
1821.37
1803.75
975.79
963.42
1702.77
1479.05
1632.72
806.57
1447.94
960.94
1500.98
1385.85
1567.93
1914.86
1703.05
966.55
1660.21
1573.99
1214.82
1366.87
1803.69
1738.07
1648.13
1774.94
1486.85
1964.93
1665.58
1815.90
1843.65
1230.47
1285.18
1548.67
1252.38
1682.40
1717.24
1871.06
1491.78
1698.24
1963.77
579.27
1375.88
700.04
1761.44
1541.55
1630.71
1414.66
684.87
1373.85
1390.31
1462.86
1311.48
1781.08
1928.16
1245.19
1974.35
701.00
1579.42
975.59
1629.17
1171.78
1152.85
1606.17
1446.59
1210.26
607.84
1457.62
1479.11
1506.39
1819.98
1708.77
1552.37
1765.00
1754.32
1529.94
1553.73
1372.32
1304.52
1516.74
1940.48
981.35
937.65
1873.57
693.20
1805.22
1540.83
1517.45
1366.06
1769.96
1323.63
1822.03
1763.65
904.50
1803.29
1151.22
726.82
1312.05
946.14
1690.59
1876.94
1570.29
1437.70
1648.38
277.57
1659.76
1252.73
1274.95
1727.59
1100.78
770.73
1751.24
867.33
1358.54
1755.67
751.07
1490.19
666.70
687.54
1435.35
1704.23
1191.08
1631.48
1595.87
1092.53
1905.66
1670.20
1589.16
1611.08
1447.53
1490.18
710.12
1729.72
1845.08
799.61
743.22
1001.04
1672.51
1836.10
1167.49
2005.44
1247.51
1179.21
1908.22
1309.21
1969.45
789.04
1436.66
1558.63
914.51
1678.73
1310.92
1154.08
1730.27
1345.51
977.43
1779.39
1874.19
1538.24
1552.35
1193.23
1238.41
1375.10
1578.23
1331.35
1973.98
1613.67
1300.26
1281.79
807.56
1780.98
1565.39
1222.93
1500.71
1898.54
2211.38
751.96
1795.40
1688.32
839.50
231.28
1511.56
1351.93
1417.50
1111.34
814.62
1603.22
1717.70
1463.68
1717.11
1567.99
1405.92
968.84
1550.71
998.40
1150.92
1474.56
1163.81
1053.21
731.92
1017.16
1810.27
2074.25
1731.32
1870.60
1176.16
1646.93
1675.94
1196.95
1325.88
1911.20
1161.77
1651.53
1665.81
1974.54
1593.81
1399.86
1472.34
1931.79
987.65
874.98
1426.20
1550.13
942.65
1066.58
1051.83
1207.27
1833.12
1437.75
1339.14
1829.53
1587.35
1631.44
292.67
343.16
1930.98
1682.96
1036.33
1836.53
861.20
1009.22
659.07
1651.75
1163.84
2048.55
810.83
1570.12
1393.28
677.56
1763.25
1167.75
701.22
1311.65
1767.13
1636.78
1324.33
1920.38
1491.42
669.82
1771.35
2025.58
1436.13
2052.75
1223.61
2201.16
1214.89
1758.11
980.77
1466.95
904.91
1177.23
1377.45
1494.81
1349.66
1539.39
761.04
732.42
1524.29
1224.80
1914.16
1958.87
1570.35
743.96
1339.74
1159.65
863.33
1599.47
788.35
1530.06
1340.63
1340.84
1420.57
1687.33
1002.07
985.44
1794.77
1361.10
1865.79
878.04
861.91
1810.21
1047.58
1353.18
1644.97
1537.27
1215.24
215.91
1787.11
1322.37
1963.69
1273.09
1534.59
1264.54
1932.73
1743.72
1695.77
1581.69
1736.23
790.38
1903.89
1561.19
1431.20
1737.19
1744.58
1477.50
1388.68
1875.45
1705.90
1128.57
1745.44
1213.15
842.14
793.22
1435.73
1943.32
1143.53
861.42
1635.95
765.37
1573.62
1307.54
1159.16
1518.50
1529.55
1587.69
900.05
1755.96
1275.37
1125.83
1045.00
1501.83
1571.13
1500.24
1036.93
1336.04
874.49
1818.05
1185.80
1694.31
1141.80
2184.77
1809.64
1216.86
1865.58
1259.04
1774.12
1497.06
1211.45
1452.66
1575.12
1386.87
652.52
1604.37
1437.89
1049.97
2078.98
1310.43
1864.87
1097.16
1483.55
1163.77
1904.30
1545.55
1878.20
1651.51
1583.81
1857.43
908.40
1643.05
775.44
1368.21
1087.52
1211.03
1126.20
2019.69
1747.04
1538.45
1178.26
999.67
1404.45
2181.98
1787.63
560.63
1232.35
1173.87
1571.56
1501.42
1573.49
1603.31
1517.29
227.94
1528.36
1752.02
1456.87
1642.48
1067.94
1876.53
1834.55
1098.30
556.17
2161.38
1150.13
1709.02
1677.51
1317.44
2008.23
1212.27
1636.25
1795.57
491.13
1393.92
284.01
1792.57
854.96
839.57
1824.02
1883.32
877.71
1497.87
1564.74
1967.24
1756.53
277.98
1572.10
1140.80
1910.77
1310.18
1936.02
1905.52
1966.21
1451.95
1684.37
1264.58
1489.31
706.48
1683.23
1482.93
901.78
1160.86
1716.10
1348.37
1848.37
269.19
1763.21
1672.56
1040.81
1066.48
854.19
1556.89
1227.24
1239.98
1248.82
1106.93
1590.10
1570.41
1083.65
1366.90
1577.12
1361.32
1499.24
1349.59
1773.57
1878.44
1202.08
1253.16
1011.27
1594.36
867.79
643.45
1264.98
873.36
1741.96
1436.09
869.64
1839.28
1162.97
1740.06
1305.00
1220.61
1414.42
743.55
1325.45
1300.93
1388.06
1832.67
833.11
1384.53
1449.94
1848.73
558.49
1391.43
1277.82
876.01
1894.00
1833.72
1058.82
1366.49
1293.42
1665.90
1686.91
1400.28
1093.59
832.97
1990.11
1226.28
1944.37
1182.49
805.20
1940.15
1367.90
1536.57
1174.08
1401.72
1543.72
1290.08
1127.61
809.62
1413.11
1338.88
1339.50
1360.60
757.67
1414.41
1121.63
1286.74
1448.62
1669.79
1966.81
1630.11
1207.29
1950.46
993.45
1640.58
1122.69
1448.42
1268.03
1169.86
1557.20
1600.95
1722.88
782.42
1265.88
2005.67
1760.41
1794.65
1377.23
1925.56
1755.59
2061.73
1565.80
1552.35
1582.63
1835.02
1493.18
1235.53
1473.10
1502.57
1366.66
656.88
1089.16
1901.51
1243.34
1606.02
1872.04
1802.49
1559.93
850.26
1570.50
1874.34
322.28
1480.81
1244.48
1563.23
1652.76
1167.04
1336.43
727.21
553.86
1338.97
1453.00
2011.16
1829.52
1693.68
1378.56
1668.04
1720.57
1959.93
861.08
1777.92
592.68
883.68
1120.74
1518.72
998.54
1598.04
1248.37
1557.30
1586.28
1701.41
1425.98
1428.68
1739.75
1328.27
1627.61
1972.17
1638.41
1006.40
1316.09
1731.38
1101.73
1380.84
930.70
864.03
1534.71
1813.63
947.91
825.53
1206.31
1700.46
1385.24
1433.10
951.14
1778.11
1517.55
1598.10
1655.70
1478.42
1194.46
675.71
1423.29
923.34
930.28
1822.82
1968.53
1312.49
1991.05
933.07
1326.21
916.07
880.73
1117.52
1280.98
1558.54
1499.10
823.19
1511.94
1836.46
1417.68
1272.43
1701.06
1554.27
1844.55
1215.04
928.47
1409.98
1616.92
1311.49
1207.92
1619.39
1222.41
527.05
1656.68
1566.22
830.82
1189.83
1187.47
925.94
1641.34
1586.65
1201.83
1207.58
1657.03
1609.65
1662.98
1772.09
1517.20
1439.08
1664.87
1784.80
1671.49
1979.66
1864.44
1546.42
1695.74
1166.94
1476.47
1294.50
1109.01
1755.59
1338.27
1256.69
1767.74
721.04
1759.53
1193.15
1025.77
990.64
1967.31
1592.58
1498.94
1688.19
1422.33
1629.53
847.08
1390.32
907.03
1511.38
1674.65
1046.32
1419.71
1487.53
1086.90
1262.85
905.22
1560.49
1849.58
981.33
1228.96
696.59
1578.14
571.51
1031.88
781.82
1470.68
1529.21
1991.74
2141.27
1395.28
1861.42
780.45
888.68
1925.66
1573.93
1256.05
1393.05
1567.27
1215.70
1910.79
1529.24
1045.25
2115.79
2088.59
1986.98
1618.41
1560.79
761.27
1602.27
1251.65
1551.59
1516.12
968.93
539.06
1942.23
1494.82
864.20
1485.05
1647.72
1229.66
1622.84
1941.27
955.74
783.08
1387.23
1765.52
750.13
739.54
584.71
1836.17
1639.78
1413.14
1834.32
1297.80
1858.06
1550.29
1363.72
1582.35
1944.47
1587.04
1278.73
1528.22
893.67
733.63
1559.82
1593.88
1610.65
1604.92
852.42
1831.37
1806.62
1742.97
1956.95
1620.27
1679.22
1404.42
2136.84
1769.07
1174.16
805.70
829.45
1788.00
1043.46
1591.02
1719.90
1485.66
1193.71
1418.45
1375.74
1540.06
812.28
1310.75
1827.34
803.01
1600.96
1004.18
1640.97
1539.20
1131.53
798.01
1537.08
1432.28
1432.03
1505.54
1219.16
1643.01
1354.84
1545.75
1455.85
1862.20
925.58
1749.67
1835.62
1608.14
544.40
588.94
1799.96
1106.98
843.59
1558.35
908.65
1614.69
1645.43
1555.57
1802.86
1722.31
1510.84
1881.60
1827.51
1275.50
1470.85
1491.17
1565.27
1132.92
1098.38
1527.99
1341.18
1233.36
1622.03
1656.81
1219.81
1529.81
1745.52
687.98
686.16
1574.50
1423.14
1429.46
1736.36
1635.55
1230.08
1088.38
1665.40
1415.33
992.33
1845.65
1504.80
1810.50
1568.48
1848.34
1156.28
1489.84
1715.69
1763.40
2148.38
956.21
636.30
1208.63
1460.13
949.15
665.40
1752.44
1118.78
1784.13
1263.59
1739.71
1804.33
1670.64
972.72
1492.69
1604.19
1155.07
751.51
595.22
1230.08
1862.53
1596.99
708.11
1311.36
1498.71
1703.17
1568.07
1976.83
1994.49
1853.12
1470.15
1960.77
942.29
1229.83
510.66
1640.26
1507.03
1355.07
1536.94
1635.24
2143.11
1778.87
1705.24
1485.91
1379.98
1476.66
1634.44
1999.51
1950.69
1334.38
818.28
1677.35
1453.17
1283.57
1435.37
1347.91
1843.32
1171.96
1058.35
1266.65
477.97
1573.41
1521.02
1561.68
1499.62
1112.92
1130.22
1366.74
1115.46
514.92
1585.66
843.69
1584.12
982.37
1758.14
982.73
1860.08
1803.18
1723.49
1586.38
1905.06
1338.39
1843.03
464.20
1166.11
2191.27
1085.04
1321.16
1495.90
1560.86
423.90
1431.32
1503.30
1313.40
1803.75
1836.91
327.86
1529.52
490.77
1593.52
1396.07
1671.66
1375.72
1779.82
1877.46
522.42
228.94
1315.41
1178.88
1244.98
1315.65
889.26
1743.55
847.83
1827.81
1525.74
741.27
794.50
1263.95
1716.36
1818.70
733.66
1581.58
1560.45
1145.90
570.73
703.54
1483.37
1271.34
1033.59
1476.20
851.77
1672.16
634.41
1225.82
1698.61
1578.20
1981.40
1588.48
1493.64
882.25
1756.58
797.66
1634.55
1168.63
1640.83
1318.42
1262.63
1519.59
1573.87
1607.15
1453.85
1963.09
1775.63
1765.40
852.45
1816.37
1330.93
1459.75
1962.37
1631.53
1667.94
781.89
1264.52
1287.88
1913.48
1431.95
1865.59
1708.02
808.91
1534.92
1673.47
1818.67
1096.53
1058.10
837.78
1509.34
2194.18
1061.06
1823.39
1630.98
1173.48
646.68
1656.00
848.12
1468.05
614.14
1160.64
1128.01
1267.06
1839.84
2008.31
889.50
1695.28
878.82
692.33
1378.47
1204.06
732.02
1533.29
1824.77
1161.26
1509.13
1153.42
1234.74
1566.16
1522.31
1155.05
1283.50
1374.73
387.90
621.79
1594.63
1125.68
1105.03
999.47
1310.21
1063.92
909.57
1811.06
821.78
932.81
1466.77
1680.12
1576.15
1174.88
1599.01
1600.91
1626.34
1467.30
1900.30
1419.21
1636.66
1777.80
1123.65
1702.22
1533.87
1841.86
1385.47
1252.01
1691.14
1428.11
1873.60
1952.07
1968.81
1944.78
1627.59
1290.73
1551.61
1673.69
1315.29
1355.31
1129.28
1622.60
1974.75
1858.02
1917.20
1439.37
956.68
1423.60
1699.12
1674.11
1863.62
582.72
1409.89
544.81
1335.70
1983.23
1573.80
1553.35
974.06
883.00
1637.96
1334.04
1300.70
1510.06
1264.23
1940.92
1568.01
680.67
1286.28
1744.39
1315.18
1338.23
1552.85
1581.15
1130.15
755.73
588.83
1818.40
876.08
1732.65
1862.68
1580.05
1518.52
1980.68
875.27
1422.10
1518.60
1344.13
1320.55
753.90
1871.31
1629.01
1436.64
524.88
1158.64
1552.62
1510.17
1010.14
1940.17
883.27
845.73
1436.96
1221.91
1852.02
836.52
1055.20
1822.15
2024.89
1714.45
1326.78
1063.23
589.35
1673.78
1399.74
1699.54
375.37
1730.16
1751.32
1682.11
1575.90
1792.75
915.35
760.35
1733.18
1678.41
1585.20
1346.70
1088.36
1427.79
1096.70
947.60
1915.52
1044.21
1341.41
1454.86
1091.99
1133.21
1562.40
1944.00
1373.07
616.45
1482.42
1139.63
1504.71
1535.02
1241.20
1743.17
1543.46
1572.61
1957.10
1547.17
1042.52
1353.75
2192.09
1125.80
1451.86
1453.15
1089.85
1313.00
1417.25
1097.56
1563.26
805.30
1452.97
1036.24
1231.87
1547.90
783.33
1359.42
2003.18
841.66
2157.25
968.66
1199.30
924.58
1597.15
1746.23
1347.16
1493.55
1234.76
972.00
796.69
1798.63
1184.54
1903.92
1666.26
1707.17
1032.34
1448.50
1451.83
1865.50
1149.66
1352.33
1701.10
772.33
1874.07
1841.32
1834.43
1820.43
1779.25
1144.76
1679.84
298.98
1388.96
1126.12
1362.13
803.86
2102.36
1314.13
1403.38
925.29
1925.36
904.83
167.96
920.45
1028.20
1865.59
1981.66
1777.06
1574.33
1926.79
1239.80
1611.20
935.43
1224.70
1482.00
942.88
836.14
1711.34
1289.97
681.41
1428.39
1739.12
1454.41
1607.95
1924.83
1235.26
1946.53
1635.60
1519.08
1701.05
1324.08
1279.63
830.26
1115.04
585.30
1629.64
1610.19
1699.83
1522.18
1205.77
1414.99
1322.02
638.59
1886.68
1752.70
1514.66
1834.52
1607.78
1271.13
2084.16
817.99
1256.45
778.86
1692.34
1448.38
1006.02
1234.68
1825.68
1751.27
1632.45
1358.64
787.62
2028.52
870.14
1429.65
1421.35
1248.12
1523.17
1255.75
1438.65
1121.16
973.05
1982.48
1551.36
796.34
1823.86
1393.96
1576.37
572.96
1815.91
1452.66
530.34
1174.98
1459.78
285.86
1360.52
1262.28
1389.29
1695.34
1337.56
1287.78
1827.18
2094.17
627.46
1559.64
661.72
1612.25
1458.65
1188.72
2011.33
1662.51
1787.32
1456.23
1383.50
1910.04
1153.96
1806.08
1398.79
1352.06
1257.74
1724.09
490.98
1039.47
948.06
991.55
1763.73
781.37
1054.66
1879.19
1549.70
1244.74
343.42
1230.21
1121.04
979.07
1113.70
822.76
1603.60
1634.49
1849.82
1430.61
1698.54
852.78
1615.54
1698.64
1611.56
1541.54
2071.41
1251.31
1561.35
1402.10
1108.69
2053.77
1828.37
1529.43
963.89
1662.99
811.09
1467.52
850.92
1820.94
1499.53
1293.06
1588.38
1562.53
2075.43
1653.57
203.26
1542.24
1676.10
1333.43
1033.76
1430.59
1560.95
1268.01
935.21
1862.41
1667.49
1575.69
2019.18
2006.69
1562.88
1317.55
1577.65
1600.31
1371.07
318.99
1606.15
1805.05
1302.90
1235.59
1746.98
654.50
520.49
579.18
1830.75
1245.17
